0.127
0.237
0.255
0.142
0.241
0.107
0.394
0.124
0.109
0.168
0.579
0.484
0.315
0.237
0.615
0.386
0.597
0.590
0.265
0.403
0.067
0.034
0.607
0.479
0.445
0.211
0.320
0.129
0.229
0.066
0.460
0.188
0.262

0.390
0.258
0.063
0.225
0.093
0.324
0.106
0.642
0.325
0.192
0.273
0.243
0.627
0.229
0.332
0.032
0.147
0.640
0.845
0.646
0.185
0.552
0.100
0.358
0.237
0.280
0.283
0.072
0.858
0.189
0.032
0.572
0.455
0.046
0.547
0.040
0.120
0.360
0.777
0.482
0.421
0.159
0.294
0.422
0.056
0.382
0.292
0.375
0.062
0.190
0.063
0.650
0.168
0.159
0.233
0.236
0.068
0.135
0.201
0.572
0.570
0.257
0.178
0.484
0.498
0.350
0.193
0.303
0.194
0.123
0.026
0.090

0.096
0.413
0.061
0.399
0.097
0.555
0.070
0.147
0.559
0.171

0.194
0.381
0.083
0.390
0.611
0.215
0.091

0.297
0.382
0.096
0.361
0.620
0.066
0.763
0.149
0.273
0.095
0.084
0.336
0.314
0.233

0.281
0.384
0.615
0.601
0.081
0.188
0.034
0.143
0.422
0.032
0.186
0.397
0.394
0.275
0.121
0.289
0.503
0.191
0.387
0.100
0.724
0.542
0.404
0.458
0.687
0.241
0.340
0.509
0.241
0.324
0.254
0.452
0.206
0.085
0.375
0.347
0.208
0.470
0.095
0.087
0.105
0.110
0.147
0.179
0.301
0.441
0.229
0.595
0.082
0.186
0.318
0.134
0.753
0.223
0.481
0.253
0.460
0.328
0.437
0.094
0.098
0.188
0.092
0.193
0.327
0.103
0.196
0.594
0.091
0.677
0.155
0.508
0.196
0.419
0.795
0.292
0.371
0.078
0.157
0.358
0.065

0.332
0.406
0.124
0.411
0.034
0.041
0.522
0.202
0.029
0.519
0.461
0.469
0.229
0.180
0.405
0.224
0.225
0.105
0.147
0.424
0.235
0.713
0.330
0.824
0.249
0.170
0.314
